               Income       Limit      Rating       Cards         Age
Income     1.00000000  0.79208834  0.79137763 -0.01827261 0.175338403
Limit      0.79208834  1.00000000  0.99687974  0.01023133 0.100887922
Rating     0.79137763  0.99687974  1.00000000  0.05323903 0.103164996
Cards     -0.01827261  0.01023133  0.05323903  1.00000000 0.042948288
Age        0.17533840  0.10088792  0.10316500  0.04294829 1.000000000
Education -0.02769198 -0.02354853 -0.03013563 -0.05108422 0.003619285
Balance    0.46365646  0.86169727  0.86362516  0.08645635 0.001835119
             Education      Balance
Income    -0.027691982  0.463656457
Limit     -0.023548534  0.861697267
Rating    -0.030135627  0.863625161
Cards     -0.051084217  0.086456347
Age        0.003619285  0.001835119
Education  1.000000000 -0.008061576
Balance   -0.008061576  1.000000000
